0,430
52,55
52,145
53,159
51,185
51,184
51,183
51,182
51,181
51,180
51,179
51,178
0,423
53,158
0,422
0,420
0,419
52,144
0,457
0,418
0,417
0,437
0,416
0,415
0,414
0,412
0,411
51,70
52,59
0,547
52,58
52,56
53,157
53,156
52,143
53,155
53,154
0,410
53,153
53,152
0,409
53,151
0,407
0,405
53,150
53,149
52,142
59,43
59,42
52,141
53,148
53,147
53,146
53,145
53,144
53,143
53,142
53,141
0,403
59,41
59,40
59,39
59,38
59,37
59,36
51,64
51,177
0,402
51,176
0,401
51,175
59,35
53,130
53,129
53,128
53,127
14,5
53,126
53,125
53,124
53,123
53,122
53,121
53,120
14,3
53,119
13,1
53,118
53,117
53,116
53,115
53,114
53,113
53,112
13,3
53,111
53,110
53,109
53,108
53,107
53,106
53,105
53,104
53,103
53,102
53,101
53,100
53,99
53,98
53,97
53,96
53,95
53,94
53,93
53,92
53,91
53,90
53,89
53,88
53,87
53,86
53,85
53,84
53,83
53,82
53,81
53,80
53,79
53,78
53,77
53,76
53,75
53,74
53,73
53,72
53,71
53,1
53,70
53,69
53,68
53,67
53,66
53,65
53,64
2,2
53,39
53,38
53,37
2,1
53,36
53,35
53,34
53,33
2,3
53,32
53,31
53,30
53,29
52,140
52,139
52,138
52,137
52,136
52,135
52,134
52,133
52,132
52,131
52,130
52,129
52,128
52,123
52,122
52,121
52,120
52,119
52,118
52,117
52,116
52,115
52,114
52,113
52,112
52,111
52,110
52,109
52,108
52,107
52,106
52,105
52,104
52,103
52,102
52,57
52,54
52,53
52,52
52,51
52,50
